Matrix A:
  6.00000000  -5.00000000   0.00000000   0.00000000   0.00000000
 -6.00000000  16.00000000   9.00000000   0.00000000   0.00000000
  0.00000000   9.00000000 -17.00000000  -3.00000000   0.00000000
  0.00000000   0.00000000   8.00000000  22.00000000  -8.00000000
  0.00000000   0.00000000   0.00000000   6.00000000 -13.00000000

Vector b:
-58.00000000 161.00000000 -114.00000000 -90.00000000 -55.00000000

Solution x:
 -8.00000000   2.00000000   9.00000000  -7.00000000   1.00000000

Check A * x = b:
-58.00000000 161.00000000 -114.00000000 -90.00000000 -55.00000000
Residual ||A*x-b||_inf: 0.000e+00
