Matrix A:
  1.00000000   2.00000000  -1.00000000  -7.00000000
  8.00000000   0.00000000  -9.00000000  -3.00000000
  2.00000000  -3.00000000   7.00000000   1.00000000
  1.00000000  -5.00000000  -6.00000000   8.00000000

Vector b:
-23.00000000  39.00000000  -7.00000000  30.00000000

Matrix P:
  0.00000000   1.00000000   0.00000000   0.00000000
  0.00000000   0.00000000   0.00000000   1.00000000
  0.00000000   0.00000000   1.00000000   0.00000000
  1.00000000   0.00000000   0.00000000   0.00000000

Matrix U:
  8.00000000   0.00000000  -9.00000000  -3.00000000
  0.00000000  -5.00000000  -4.87500000   8.37500000
  0.00000000   0.00000000  12.17500000  -3.27500000
  0.00000000   0.00000000   0.00000000  -3.76591376

Matrix L:
  1.00000000   0.00000000   0.00000000   0.00000000
  0.12500000   1.00000000   0.00000000   0.00000000
  0.25000000   0.60000000   1.00000000   0.00000000
  0.12500000  -0.40000000  -0.14989733   1.00000000

Solution x:
  6.00000000   6.00000000  -1.00000000   6.00000000

Determinant A: 1834.00000000
Determinant PA: 1834.00000000

Inverse matrix A^(-1):
 -0.17993457   0.14503817   0.06543075  -0.11123228
 -0.37513631   0.11450382  -0.13631407  -0.26826609
 -0.07142857   0.00000000   0.07142857  -0.07142857
 -0.26553980   0.05343511  -0.03980371  -0.08233370

Check A * x = b:
-23.00000000  39.00000000  -7.00000000  30.00000000

Check A * A^(-1) = E:
  1.00000000   0.00000000   0.00000000   0.00000000
  0.00000000   1.00000000   0.00000000   0.00000000
  0.00000000   0.00000000   1.00000000   0.00000000
  0.00000000   0.00000000   0.00000000   1.00000000
Residual ||A*x-b||_inf: 6.217e-15
Inverse residual max |A*A_inv-I|: 2.776e-16
LU residual max |P*A-L*U|: 8.882e-16
